{
    "crew": 5,
    "task": 5,
    "date": 8,
    "competencies": 12,
    "technical_place": 23,
    "hours_per_shift": 6.9,
    "level_total": 4,
    "c": [9.63, 9.56, 2.08, 2.31, 8.62],
    "d1": [2, 2, 2, 2, 2],
    "d2": [4, 4, 4, 4, 4],
    "e": [
        [1, 1, 1, 1, 1, 1, 1, 1],
        [1, 1, 1, 1, 1, 1, 1, 1],
        [1, 1, 1, 1, 1, 1, 1, 1],
        [1, 1, 1, 1, 1, 1, 1, 1],
        [1, 1, 1, 1, 1, 1, 1, 1]
    ],
    "bo": [
        [1, 0, 0, 0, 0, 0, 0, 0, 0, 0, 0, 0],
        [0, 0, 1, 0, 0, 0, 0, 0, 0, 0, 0, 0],
        [0, 0, 1, 0, 0, 0, 0, 0, 0, 0, 0, 0],
        [0, 0, 0, 0, 1, 0, 0, 0, 0, 0, 0, 0],
        [0, 0, 0, 0, 0, 0, 0, 0, 0, 0, 0, 0]
    ],
    "bm": [
        [1, 0, 1, 0, 0, 0, 0, 0, 0, 0, 0, 0],
        [1, 0, 1, 0, 1, 0, 0, 0, 0, 0, 0, 0],
        [1, 0, 1, 0, 1, 0, 0, 0, 0, 0, 0, 0],
        [1, 0, 1, 0, 1, 0, 0, 0, 0, 0, 0, 0],
        [0, 0, 0, 0, 0, 0, 0, 0, 0, 0, 0, 0]
    ],
    "bm2": [
        [0, 0, 0, 0, 0, 0, 0, 0, 0, 0, 0, 0],
        [0, 0, 0, 0, 0, 0, 0, 0, 0, 0, 0, 0],
        [0, 0, 0, 0, 0, 0, 0, 0, 0, 0, 0, 0],
        [0, 0, 0, 0, 0, 0, 0, 0, 0, 0, 0, 0],
        [0, 0, 0, 0, 0, 0, 0, 0, 0, 0, 0, 0]
    ],
    "bm3": [
        [3, 0, 4, 1, 1, 1, 1, 2, 0, 2, 0, 0],
        [3, 0, 3, 1, 3, 0, 2, 2, 1, 2, 2, 2],
        [3, 1, 4, 2, 4, 2, 1, 1, 1, 0, 1, 2],
        [4, 2, 3, 1, 4, 1, 2, 2, 1, 2, 1, 1],
        [1, 2, 2, 2, 2, 1, 1, 2, 0, 1, 2, 0]
    ],
    "tp": [
        [0, 0, 0, 0, 0, 0, 0, 0, 0, 0, 0, 0, 0, 0, 0, 0, 0, 0, 0, 1, 0, 0, 0],
        [0, 0, 0, 0, 0, 0, 0, 0, 1, 0, 0, 0, 0, 0, 0, 0, 0, 0, 0, 0, 0, 0, 0],
        [0, 0, 0, 0, 0, 0, 0, 0, 0, 0, 0, 0, 0, 0, 0, 1, 0, 0, 0, 0, 0, 0, 0],
        [0, 0, 0, 0, 0, 0, 0, 0, 0, 1, 0, 0, 0, 0, 0, 0, 0, 0, 0, 0, 0, 0, 0],
        [0, 0, 0, 0, 0, 0, 0, 0, 0, 1, 0, 0, 0, 0, 0, 0, 0, 0, 0, 0, 0, 0, 0]
    ],
    "tr": [
        [0.0, 1.05, 1.07, 0.55, 0.93, 0.95, 0.49, 1.22, 0.88, 1.22, 1.1, 1.08, 0.78, 0.37, 0.37, 0.95, 0.69, 0.46, 0.92, 0.78, 0.53, 0.52, 0.42],
        [1.05, 0.0, 0.58, 0.9, 0.46, 0.17, 0.62, 0.28, 0.18, 0.48, 0.82, 0.94, 0.54, 0.84, 0.74, 0.32, 0.58, 1.12, 0.77, 0.26, 0.64, 0.52, 0.7],
        [1.07, 0.58, 0.0, 0.64, 0.18, 0.69, 0.88, 0.43, 0.5, 0.23, 0.25, 0.38, 0.3, 0.72, 0.95, 0.85, 0.97, 0.89, 0.29, 0.61, 0.54, 0.69, 0.66],
        [0.55, 0.9, 0.64, 0.0, 0.56, 0.89, 0.68, 0.94, 0.73, 0.84, 0.59, 0.54, 0.4, 0.2, 0.66, 0.98, 0.88, 0.26, 0.41, 0.71, 0.28, 0.54, 0.3],
        [0.93, 0.46, 0.18, 0.56, 0.0, 0.54, 0.7, 0.4, 0.35, 0.29, 0.37, 0.48, 0.16, 0.6, 0.78, 0.69, 0.8, 0.81, 0.32, 0.44, 0.4, 0.52, 0.51],
        [0.95, 0.17, 0.69, 0.89, 0.54, 0.0, 0.49, 0.44, 0.2, 0.63, 0.92, 1.02, 0.58, 0.8, 0.61, 0.16, 0.41, 1.09, 0.84, 0.18, 0.61, 0.43, 0.65],
        [0.49, 0.62, 0.88, 0.68, 0.7, 0.49, 0.0, 0.85, 0.49, 0.93, 1.02, 1.06, 0.61, 0.5, 0.13, 0.46, 0.22, 0.77, 0.86, 0.36, 0.44, 0.19, 0.38],
        [1.22, 0.28, 0.43, 0.94, 0.4, 0.44, 0.85, 0.0, 0.36, 0.25, 0.68, 0.82, 0.54, 0.95, 0.96, 0.59, 0.84, 1.19, 0.7, 0.49, 0.73, 0.71, 0.82],
        [0.88, 0.18, 0.5, 0.73, 0.35, 0.2, 0.49, 0.36, 0.0, 0.47, 0.72, 0.82, 0.38, 0.67, 0.6, 0.35, 0.51, 0.94, 0.64, 0.13, 0.46, 0.36, 0.52],
        [1.22, 0.48, 0.23, 0.84, 0.29, 0.63, 0.93, 0.25, 0.47, 0.0, 0.45, 0.59, 0.45, 0.89, 1.03, 0.79, 0.98, 1.09, 0.51, 0.6, 0.69, 0.76, 0.8],
        [1.1, 0.82, 0.25, 0.59, 0.37, 0.92, 1.02, 0.68, 0.72, 0.45, 0.0, 0.14, 0.4, 0.73, 1.06, 1.07, 1.14, 0.82, 0.18, 0.81, 0.61, 0.82, 0.72],
        [1.08, 0.94, 0.38, 0.54, 0.48, 1.02, 1.06, 0.82, 0.82, 0.59, 0.14, 0.0, 0.47, 0.71, 1.09, 1.17, 1.21, 0.75, 0.2, 0.89, 0.63, 0.87, 0.73],
        [0.78, 0.54, 0.3, 0.4, 0.16, 0.58, 0.61, 0.54, 0.38, 0.45, 0.4, 0.47, 0.0, 0.44, 0.67, 0.71, 0.74, 0.65, 0.27, 0.43, 0.25, 0.42, 0.36],
        [0.37, 0.84, 0.72, 0.2, 0.6, 0.8, 0.5, 0.95, 0.67, 0.89, 0.73, 0.71, 0.44, 0.0, 0.46, 0.86, 0.71, 0.29, 0.55, 0.62, 0.22, 0.39, 0.15],
        [0.37, 0.74, 0.95, 0.66, 0.78, 0.61, 0.13, 0.96, 0.6, 1.03, 1.06, 1.09, 0.67, 0.46, 0.0, 0.59, 0.31, 0.71, 0.9, 0.48, 0.46, 0.26, 0.37],
        [0.95, 0.32, 0.85, 0.98, 0.69, 0.16, 0.46, 0.59, 0.35, 0.79, 1.07, 1.17, 0.71, 0.86, 0.59, 0.0, 0.32, 1.15, 0.98, 0.28, 0.7, 0.47, 0.71],
        [0.69, 0.58, 0.97, 0.88, 0.8, 0.41, 0.22, 0.84, 0.51, 0.98, 1.14, 1.21, 0.74, 0.71, 0.31, 0.32, 0.0, 0.99, 1.01, 0.38, 0.62, 0.35, 0.58],
        [0.46, 1.12, 0.89, 0.26, 0.81, 1.09, 0.77, 1.19, 0.94, 1.09, 0.82, 0.75, 0.65, 0.29, 0.71, 1.15, 0.99, 0.0, 0.65, 0.9, 0.48, 0.68, 0.44],
        [0.92, 0.77, 0.29, 0.41, 0.32, 0.84, 0.86, 0.7, 0.64, 0.51, 0.18, 0.2, 0.27, 0.55, 0.9, 0.98, 1.01, 0.65, 0.0, 0.7, 0.44, 0.68, 0.54],
        [0.78, 0.26, 0.61, 0.71, 0.44, 0.18, 0.36, 0.49, 0.13, 0.6, 0.81, 0.89, 0.43, 0.62, 0.48, 0.28, 0.38, 0.9, 0.7, 0.0, 0.43, 0.26, 0.47],
        [0.53, 0.64, 0.54, 0.28, 0.4, 0.61, 0.44, 0.73, 0.46, 0.69, 0.61, 0.63, 0.25, 0.22, 0.46, 0.7, 0.62, 0.48, 0.44, 0.43, 0.0, 0.27, 0.12],
        [0.52, 0.52, 0.69, 0.54, 0.52, 0.43, 0.19, 0.71, 0.36, 0.76, 0.82, 0.87, 0.42, 0.39, 0.26, 0.47, 0.35, 0.68, 0.68, 0.26, 0.27, 0.0, 0.25],
        [0.42, 0.7, 0.66, 0.3, 0.51, 0.65, 0.38, 0.82, 0.52, 0.8, 0.72, 0.73, 0.36, 0.15, 0.37, 0.71, 0.58, 0.44, 0.54, 0.47, 0.12, 0.25, 0.0]
    ],
    "tm": [0.56, 0.39, 0.31, 0.31, 0.36, 0.34, 0.24, 0.2, 0.31, 0.53, 0.35, 0.12, 0.45, 0.4, 0.51, 0.19, 0.41, 0.1, 0.36, 0.22, 0.2, 0.48, 0.14],
    "g": [1, 1, 0, 1, 0]
}